pathway_id,pathway_type,from_stop_id,to_stop_id,traversal_time
9021,1,09021,09021,0
9022,1,09022,09022,0
9023,1,09023,09023,0
9031,1,09031,09031,0
9032,1,09032,09032,0
9033,1,09033,09033,0
9041,1,09041,09041,0
9042,1,09042,09042,0
9051,1,09051,09051,0
9052,1,09052,09052,0
9061,1,09061,09061,0
9062,1,09062,09062,0
9063,1,09063,09063,0
9071,1,09071,09071,0
9081,1,09081,09081,0
9091,1,09091,09091,0
9111,1,09111,09111,0
9113,1,09113,09113,0
9114,1,09114,09114,0
9121,1,09121,09121,0
9123,1,09123,09123,0
9131,1,09131,09131,0
9141,1,09141,09141,0
9151,1,09151,09151,0
9161,1,09161,09161,0
9171,1,09171,09171,0
9181,1,09181,09181,0
9191,1,09191,09191,0
9211,1,09211,09211,0
9221,1,09221,09221,0
9231,1,09231,09231,0
9241,1,09241,09241,0
9311,1,09311,09311,0
9321,1,09321,09321,0
9331,1,09331,09331,0
9341,1,09341,09341,0
9351,1,09351,09351,0
9441,1,09441,09441,0
9601,1,09601,09601,0
9612,1,09612,09612,0
9613,1,09613,09613,0
9614,1,09614,09614,0
9621,1,09621,09621,0
9631,1,09631,09631,0
9641,1,09641,09641,0
9651,1,09651,09651,0
9681,1,09681,09681,0
9701,1,09701,09701,0
9712,1,09712,09712,0
9721,1,09721,09721,0
9722,1,09722,09722,0
9731,1,09731,09731,0
9741,1,09741,09741,0
9742,1,09742,09742,0
9771,1,09771,09771,0
9911,1,09911,09911,0
9921,1,09921,09921,0
9939,1,09939,09939,0
9941,1,09941,09941,0
20001,1,09071,09071-1,300
20002,1,09071,09071-2,300
20003,1,09071-1,09071,300
20004,1,09071-2,09071,300
20005,1,09921,09921-1,300
20006,1,09921-1,09921,300
20007,1,09171,09171-1,300
20008,1,09171,09171-2,300
20009,1,09171-1,09171,300
20010,1,09171-2,09171,300
20011,1,09151,09151-1,300
20012,1,09151,09151-2,300
20013,1,09151-1,09151,300
20014,1,09151-2,09151,300
20015,1,09631,09631-1,300
20016,1,09631,09631-2,300
20017,1,09631,09631-3,300
20018,1,09631,09631-4,300
20019,1,09631-1,09631,300
20020,1,09631-2,09631,300
20021,1,09631-3,09631,300
20022,1,09631-4,09631,300
20023,1,09681,09681-1,300
20024,1,09681-1,09681,300
20025,1,09023,09023-1,300
20026,1,09023,09023-2,300
20027,1,09023-1,09023,300
20028,1,09023-2,09023,300
20029,1,09651,09651-1,300
20030,1,09651,09651-2,300
20031,1,09651-1,09651,300
20032,1,09651-2,09651,300
20033,1,09321,09321-1,300
20034,1,09321,09321-2,300
20035,1,09321-1,09321,300
20036,1,09321-2,09321,300
20037,1,09141,09141-1,300
20038,1,09141,09141-2,300
20039,1,09141,09141-3,300
20040,1,09141-1,09141,300
20041,1,09141-2,09141,300
20042,1,09141-3,09141,300
20043,1,09331,09331-1,300
20044,1,09331,09331-2,300
20045,1,09331,09331-3,300
20046,1,09331,09331-4,300
20047,1,09331-1,09331,300
20048,1,09331-2,09331,300
20049,1,09331-3,09331,300
20050,1,09331-4,09331,300
20051,1,09161,09161-1,300
20052,1,09161,09161-2,300
20053,1,09161,09161-3,300
20054,1,09161-1,09161,300
20055,1,09161-2,09161,300
20056,1,09161-3,09161,300
20057,1,09722,09722-1,300
20058,1,09722,09722-2,300
20059,1,09722-1,09722,300
20060,1,09722-2,09722,300
20061,1,09121,09121-1,300
20062,1,09121,09121-2,300
20063,1,09121,09121-3,300
20064,1,09121,09121-4,300
20065,1,09121-1,09121,300
20066,1,09121-2,09121,300
20067,1,09121-3,09121,300
20068,1,09121-4,09121,300
20069,1,09114,09114-1,300
20070,1,09114,09114-2,300
20071,1,09114,09114-3,300
20072,1,09114-1,09114,300
20073,1,09114-2,09114,300
20074,1,09114-3,09114,300
20075,1,09061,09061-1,300
20076,1,09061,09061-2,300
20077,1,09061-1,09061,300
20078,1,09061-2,09061,300
20079,1,09113,09113-1,300
20080,1,09113-1,09113,300
20081,1,09441,09441-1,300
20082,1,09441-1,09441,300
20083,1,09063,09063-1,300
20084,1,09063,09063-2,300
20085,1,09063-1,09063,300
20086,1,09063-2,09063,300
20087,1,09123,09123-1,300
20088,1,09123,09123-2,300
20089,1,09123,09123-3,300
20090,1,09123,09123-4,300
20091,1,09123-1,09123,300
20092,1,09123-2,09123,300
20093,1,09123-3,09123,300
20094,1,09123-4,09123,300
20095,1,09042,09042-1,300
20096,1,09042,09042-2,300
20097,1,09042,09042-3,300
20098,1,09042-1,09042,300
20099,1,09042-2,09042,300
20100,1,09042-3,09042,300
20101,1,09022,09022-1,300
20102,1,09022,09022-2,300
20103,1,09022-1,09022,300
20104,1,09022-2,09022,300
20105,1,09351,09351-1,300
20106,1,09351,09351-2,300
20107,1,09351,09351-3,300
20108,1,09351,09351-4,300
20109,1,09351-1,09351,300
20110,1,09351-2,09351,300
20111,1,09351-3,09351,300
20112,1,09351-4,09351,300
20113,1,09081,09081-1,300
20114,1,09081,09081-2,300
20115,1,09081,09081-3,300
20116,1,09081,09081-4,300
20117,1,09081-1,09081,300
20118,1,09081-2,09081,300
20119,1,09081-3,09081,300
20120,1,09081-4,09081,300
20121,1,09181,09181-1,300
20122,1,09181-1,09181,300
20123,1,09771,09771-1,300
20124,1,09771,09771-2,300
20125,1,09771,09771-3,300
20126,1,09771-1,09771,300
20127,1,09771-2,09771,300
20128,1,09771-3,09771,300
20129,1,09032,09032-1,300
20130,1,09032-1,09032,300
20131,1,09601,09601-1,300
20132,1,09601,09601-2,300
20133,1,09601,09601-3,300
20134,1,09601-1,09601,300
20135,1,09601-2,09601,300
20136,1,09601-3,09601,300
20137,1,09231,09231-1,300
20138,1,09231-1,09231,300
20139,1,09033,09033-1,300
20140,1,09033,09033-2,300
20141,1,09033,09033-3,300
20142,1,09033,09033-4,300
20143,1,09033-1,09033,300
20144,1,09033-2,09033,300
20145,1,09033-3,09033,300
20146,1,09033-4,09033,300
20147,1,09311,09311-1,300
20148,1,09311,09311-2,300
20149,1,09311-1,09311,300
20150,1,09311-2,09311,300
20151,1,09721,09721-1,300
20152,1,09721,09721-2,300
20153,1,09721,09721-3,300
20154,1,09721-1,09721,300
20155,1,09721-2,09721,300
20156,1,09721-3,09721,300
20157,1,09221,09221-1,300
20158,1,09221,09221-2,300
20159,1,09221-1,09221,300
20160,1,09221-2,09221,300
20161,1,09241,09241-1,300
20162,1,09241-1,09241,300
20163,1,09031,09031-1,300
20164,1,09031,09031-2,300
20165,1,09031-1,09031,300
20166,1,09031-2,09031,300
20167,1,09731,09731-1,300
20168,1,09731-1,09731,300
20169,1,09341,09341-1,300
20170,1,09341,09341-2,300
20171,1,09341-1,09341,300
20172,1,09341-2,09341,300
20173,1,09641,09641-1,300
20174,1,09641-1,09641,300
20175,1,09131,09131-1,300
20176,1,09131,09131-2,300
20177,1,09131,09131-3,300
20178,1,09131,09131-4,300
20179,1,09131,09131-5,300
20180,1,09131-1,09131,300
20181,1,09131-2,09131,300
20182,1,09131-3,09131,300
20183,1,09131-4,09131,300
20184,1,09131-5,09131,300
20185,1,09052,09052-1,300
20186,1,09052,09052-2,300
20187,1,09052-1,09052,300
20188,1,09052-2,09052,300
20189,1,09051,09051-1,300
20190,1,09051,09051-2,300
20191,1,09051-1,09051,300
20192,1,09051-2,09051,300
20193,1,09941,09941-1,300
20194,1,09941,09941-2,300
20195,1,09941-1,09941,300
20196,1,09941-2,09941,300
20197,1,09911,09911-1,300
20198,1,09911,09911-2,300
20199,1,09911,09911-3,300
20200,1,09911-1,09911,300
20201,1,09911-2,09911,300
20202,1,09911-3,09911,300
20203,1,09111,09111-1,300
20204,1,09111,09111-2,300
20205,1,09111,09111-3,300
20206,1,09111,09111-4,300
20207,1,09111,09111-5,300
20208,1,09111-1,09111,300
20209,1,09111-2,09111,300
20210,1,09111-3,09111,300
20211,1,09111-4,09111,300
20212,1,09111-5,09111,300
20213,1,09612,09612-1,300
20214,1,09612-1,09612,300
20215,1,09091,09091-1,300
20216,1,09091,09091-2,300
20217,1,09091,09091-3,300
20218,1,09091-1,09091,300
20219,1,09091-2,09091,300
20220,1,09091-3,09091,300
20221,1,09614,09614-1,300
20222,1,09614,09614-2,300
20223,1,09614,09614-3,300
20224,1,09614-1,09614,300
20225,1,09614-2,09614,300
20226,1,09614-3,09614,300
20227,1,09062,09062-1,300
20228,1,09062,09062-2,300
20229,1,09062,09062-3,300
20230,1,09062,09062-4,300
20231,1,09062,09062-5,300
20232,1,09062,09062-6,300
20233,1,09062-1,09062,300
20234,1,09062-2,09062,300
20235,1,09062-3,09062,300
20236,1,09062-4,09062,300
20237,1,09062-5,09062,300
20238,1,09062-6,09062,300
20239,1,09741,09741-1,300
20240,1,09741-1,09741,300
20241,1,09211,09211-1,300
20242,1,09211,09211-2,300
20243,1,09211,09211-3,300
20244,1,09211-1,09211,300
20245,1,09211-2,09211,300
20246,1,09211-3,09211,300
20247,1,09712,09712-1,300
20248,1,09712-1,09712,300
20249,1,09041,09041-1,300
20250,1,09041,09041-2,300
20251,1,09041-1,09041,300
20252,1,09041-2,09041,300
20253,1,09939,09939-1,300
20254,1,09939,09939-2,300
20255,1,09939,09939-3,300
20256,1,09939,09939-4,300
20257,1,09939-1,09939,300
20258,1,09939-2,09939,300
20259,1,09939-3,09939,300
20260,1,09939-4,09939,300
